NumEvt: 640001, year=1980, I0 from catalogue = 7.5
Barycenter Io:7.63
Barycenter M:5.19
Barycenter H:7.78
H[km]	Mag	PDF
1.8062	8.0606	0.000015
1.8062	8.1616	0.000055
1.8062	8.2626	0.000101
1.8062	8.3636	0.000172
1.8062	8.4646	0.000121
1.9288	8.2626	0.000038
1.9288	8.3636	0.000076
1.9288	8.4646	0.000129
2.0598	8.2626	0.000107
2.0598	8.3636	0.000180
2.0598	8.4646	0.000329
2.1996	8.3636	0.000059
2.1996	8.4646	0.000119
2.5085	8.1616	0.000112
2.5085	8.2626	0.000162
2.5085	8.3636	0.000407
2.5085	8.4646	0.000349
2.6788	7.7576	0.000038
2.6788	7.8586	0.000077
2.6788	7.9596	0.000203
2.6788	8.0606	0.000402
2.6788	8.1616	0.000603
2.6788	8.2626	0.001195
2.6788	8.3636	0.001653
2.6788	8.4646	0.001724
2.8607	7.8586	0.000038
2.8607	7.9596	0.000077
2.8607	8.0606	0.000155
2.8607	8.1616	0.000392
2.8607	8.2626	0.000623
2.8607	8.3636	0.001258
2.8607	8.4646	0.001642
3.0549	7.7576	0.000056
3.0549	7.8586	0.000136
3.0549	7.9596	0.000401
3.0549	8.0606	0.000570
3.0549	8.1616	0.000614
3.0549	8.2626	0.000767
3.0549	8.3636	0.000682
3.0549	8.4646	0.000357
3.2623	7.8586	0.000057
3.2623	7.9596	0.000116
3.2623	8.0606	0.000652
3.2623	8.1616	0.001111
3.2623	8.2626	0.001954
3.2623	8.3636	0.002088
3.2623	8.4646	0.002016
3.4838	7.4545	0.000038
3.4838	7.5556	0.000076
3.4838	7.6566	0.000168
3.4838	7.7576	0.000383
3.4838	7.8586	0.000601
3.4838	7.9596	0.000976
3.4838	8.0606	0.001098
3.4838	8.1616	0.001326
3.4838	8.2626	0.002027
3.4838	8.3636	0.002302
3.4838	8.4646	0.002551
3.7204	7.5556	0.000060
3.7204	7.6566	0.000155
3.7204	7.7576	0.000391
3.7204	7.8586	0.000602
3.7204	7.9596	0.001247
3.7204	8.0606	0.001402
3.7204	8.1616	0.001740
3.7204	8.2626	0.002145
3.7204	8.3636	0.002153
3.7204	8.4646	0.001708
3.9730	7.5556	0.000054
3.9730	7.6566	0.000164
3.9730	7.7576	0.000418
3.9730	7.8586	0.001022
3.9730	7.9596	0.001834
3.9730	8.0606	0.003104
3.9730	8.1616	0.004392
3.9730	8.2626	0.005342
3.9730	8.3636	0.004688
3.9730	8.4646	0.003684
4.2427	7.3535	0.000015
4.2427	7.4545	0.000122
4.2427	7.5556	0.000379
4.2427	7.6566	0.000555
4.2427	7.7576	0.000780
4.2427	7.8586	0.001073
4.2427	7.9596	0.000913
4.2427	8.0606	0.000944
4.2427	8.1616	0.000693
4.2427	8.2626	0.000567
4.2427	8.3636	0.000658
4.2427	8.4646	0.000405
4.5308	7.2525	0.000052
4.5308	7.3535	0.000186
4.5308	7.4545	0.000370
4.5308	7.5556	0.000640
4.5308	7.6566	0.001592
4.5308	7.7576	0.002450
4.5308	7.8586	0.003983
4.5308	7.9596	0.005361
4.5308	8.0606	0.005659
4.5308	8.1616	0.005941
4.5308	8.2626	0.004365
4.5308	8.3636	0.002792
4.5308	8.4646	0.001369
4.8384	7.2525	0.000019
4.8384	7.3535	0.000156
4.8384	7.4545	0.000357
4.8384	7.5556	0.000603
4.8384	7.6566	0.000840
4.8384	7.7576	0.001011
4.8384	7.8586	0.001079
4.8384	7.9596	0.001580
4.8384	8.0606	0.001745
4.8384	8.1616	0.001986
4.8384	8.2626	0.002007
4.8384	8.3636	0.001765
4.8384	8.4646	0.000916
5.1670	7.0505	0.000036
5.1670	7.1515	0.000105
5.1670	7.2525	0.000255
5.1670	7.3535	0.000618
5.1670	7.4545	0.000966
5.1670	7.5556	0.001980
5.1670	7.6566	0.002834
5.1670	7.7576	0.004324
5.1670	7.8586	0.004926
5.1670	7.9596	0.005411
5.1670	8.0606	0.004366
5.1670	8.1616	0.003330
5.1670	8.2626	0.002758
5.1670	8.3636	0.002828
5.1670	8.4646	0.003740
5.5178	7.0505	0.000015
5.5178	7.1515	0.000070
5.5178	7.2525	0.000225
5.5178	7.3535	0.000752
5.5178	7.4545	0.001558
5.5178	7.5556	0.002739
5.5178	7.6566	0.003625
5.5178	7.7576	0.004261
5.5178	7.8586	0.004337
5.5178	7.9596	0.003497
5.5178	8.0606	0.002541
5.5178	8.1616	0.001735
5.5178	8.2626	0.000851
5.5178	8.3636	0.000392
5.5178	8.4646	0.000093
5.8924	6.9495	0.000014
5.8924	7.0505	0.000098
5.8924	7.1515	0.000345
5.8924	7.2525	0.000722
5.8924	7.3535	0.001137
5.8924	7.4545	0.001679
5.8924	7.5556	0.002554
5.8924	7.6566	0.003121
5.8924	7.7576	0.003694
5.8924	7.8586	0.003675
5.8924	7.9596	0.003537
5.8924	8.0606	0.003300
5.8924	8.1616	0.003789
5.8924	8.2626	0.007619
5.8924	8.3636	0.006774
5.8924	8.4646	0.007287
6.2925	6.8485	0.000014
6.2925	6.9495	0.000113
6.2925	7.0505	0.000374
6.2925	7.1515	0.000770
6.2925	7.2525	0.001510
6.2925	7.3535	0.003013
6.2925	7.4545	0.004016
6.2925	7.5556	0.005448
6.2925	7.6566	0.005387
6.2925	7.7576	0.004304
6.2925	7.8586	0.003363
6.2925	7.9596	0.001950
6.2925	8.0606	0.000807
6.2925	8.1616	0.000126
6.7197	6.8485	0.000047
6.7197	6.9495	0.000200
6.7197	7.0505	0.000507
6.7197	7.1515	0.001053
6.7197	7.2525	0.001888
6.7197	7.3535	0.002759
6.7197	7.4545	0.003535
6.7197	7.5556	0.003409
6.7197	7.6566	0.003594
6.7197	7.7576	0.002896
6.7197	7.8586	0.003800
6.7197	7.9596	0.004086
6.7197	8.0606	0.005571
6.7197	8.1616	0.011239
6.7197	8.2626	0.008392
6.7197	8.3636	0.010814
6.7197	8.4646	0.004812
7.1760	6.7475	0.000045
7.1760	6.8485	0.000125
7.1760	6.9495	0.000366
7.1760	7.0505	0.001002
7.1760	7.1515	0.001788
7.1760	7.2525	0.002890
7.1760	7.3535	0.004224
7.1760	7.4545	0.004625
7.1760	7.5556	0.004798
7.1760	7.6566	0.004639
7.1760	7.7576	0.004687
7.1760	7.8586	0.008824
7.1760	7.9596	0.008125
7.1760	8.0606	0.011330
7.1760	8.1616	0.010604
7.1760	8.2626	0.006405
7.1760	8.3636	0.005446
7.1760	8.4646	0.001541
7.6632	6.5455	0.000012
7.6632	6.6465	0.000056
7.6632	6.7475	0.000138
7.6632	6.8485	0.000429
7.6632	6.9495	0.000709
7.6632	7.0505	0.001293
7.6632	7.1515	0.002335
7.6632	7.2525	0.003072
7.6632	7.3535	0.004014
7.6632	7.4545	0.004366
7.6632	7.5556	0.003649
7.6632	7.6566	0.003188
7.6632	7.7576	0.001852
7.6632	7.8586	0.000971
7.6632	7.9596	0.000319
7.6632	8.0606	0.000067
8.1835	6.6465	0.000060
8.1835	6.7475	0.000182
8.1835	6.8485	0.000649
8.1835	6.9495	0.001422
8.1835	7.0505	0.002792
8.1835	7.1515	0.004141
8.1835	7.2525	0.005030
8.1835	7.3535	0.005382
8.1835	7.4545	0.004314
8.1835	7.5556	0.004804
8.1835	7.6566	0.006228
8.1835	7.7576	0.008629
8.1835	7.8586	0.008873
8.1835	7.9596	0.014054
8.1835	8.0606	0.007805
8.1835	8.1616	0.007370
8.1835	8.2626	0.002338
8.1835	8.3636	0.000647
8.7392	6.5455	0.000057
8.7392	6.6465	0.000188
8.7392	6.7475	0.000492
8.7392	6.8485	0.001113
8.7392	6.9495	0.002093
8.7392	7.0505	0.003038
8.7392	7.1515	0.003679
8.7392	7.2525	0.003961
8.7392	7.3535	0.004168
8.7392	7.4545	0.004845
8.7392	7.5556	0.007343
8.7392	7.6566	0.009899
8.7392	7.7576	0.009486
8.7392	7.8586	0.013476
8.7392	7.9596	0.006695
8.7392	8.0606	0.005006
8.7392	8.1616	0.002298
9.3325	6.5455	0.000154
9.3325	6.6465	0.000434
9.3325	6.7475	0.001132
9.3325	6.8485	0.002309
9.3325	6.9495	0.003520
9.3325	7.0505	0.004546
9.3325	7.1515	0.005081
9.3325	7.2525	0.004977
9.3325	7.3535	0.007409
9.3325	7.4545	0.007533
9.3325	7.5556	0.010619
9.3325	7.6566	0.011630
9.3325	7.7576	0.008371
9.3325	7.8586	0.008743
9.3325	7.9596	0.003107
9.3325	8.0606	0.001541
9.9662	6.5455	0.000426
9.9662	6.6465	0.001119
9.9662	6.7475	0.001927
9.9662	6.8485	0.003092
9.9662	6.9495	0.003874
9.9662	7.0505	0.004205
9.9662	7.1515	0.005319
9.9662	7.2525	0.005552
9.9662	7.3535	0.008232
9.9662	7.4545	0.009995
9.9662	7.5556	0.010546
9.9662	7.6566	0.008847
9.9662	7.7576	0.004812
9.9662	7.8586	0.003688
9.9662	7.9596	0.000566
10.6429	6.5455	0.000631
10.6429	6.6465	0.001408
10.6429	6.7475	0.002316
10.6429	6.8485	0.002887
10.6429	6.9495	0.003522
10.6429	7.0505	0.004190
10.6429	7.1515	0.006130
10.6429	7.2525	0.007570
10.6429	7.3535	0.007462
10.6429	7.4545	0.011019
10.6429	7.5556	0.006033
10.6429	7.6566	0.004931
10.6429	7.7576	0.002510
10.6429	7.8586	0.000496
11.3655	6.5455	0.001054
11.3655	6.6465	0.001862
11.3655	6.7475	0.002660
11.3655	6.8485	0.002993
11.3655	6.9495	0.004046
11.3655	7.0505	0.005176
11.3655	7.1515	0.006708
11.3655	7.2525	0.006495
11.3655	7.3535	0.009397
11.3655	7.4545	0.005119
11.3655	7.5556	0.004130
11.3655	7.6566	0.002102
11.3655	7.7576	0.000415
12.1372	6.5455	0.001478
12.1372	6.6465	0.002266
12.1372	6.7475	0.002734
12.1372	6.8485	0.003618
12.1372	6.9495	0.004677
12.1372	7.0505	0.005742
12.1372	7.1515	0.005405
12.1372	7.2525	0.007650
12.1372	7.3535	0.004109
12.1372	7.4545	0.003309
12.1372	7.5556	0.001684
12.1372	7.6566	0.000333
12.9612	6.5455	0.001356
12.9612	6.6465	0.001576
12.9612	6.7475	0.002218
12.9612	6.8485	0.002682
12.9612	6.9495	0.004567
12.9612	7.0505	0.004043
12.9612	7.1515	0.004918
12.9612	7.2525	0.004062
12.9612	7.3535	0.002167
12.9612	7.4545	0.001661
12.9612	7.5556	0.000255
13.8413	6.5455	0.001316
13.8413	6.6465	0.002079
13.8413	6.7475	0.002840
13.8413	6.8485	0.004239
13.8413	6.9495	0.004561
13.8413	7.0505	0.003913
13.8413	7.1515	0.004598
13.8413	7.2525	0.001926
13.8413	7.3535	0.001242
13.8413	7.4545	0.000326
14.7810	6.5455	0.001577
14.7810	6.6465	0.002075
14.7810	6.7475	0.002797
14.7810	6.8485	0.002552
14.7810	6.9495	0.003505
14.7810	7.0505	0.001882
14.7810	7.1515	0.001614
14.7810	7.2525	0.000642
14.7810	7.3535	0.000163
15.7846	6.5455	0.000873
15.7846	6.6465	0.000700
15.7846	6.7475	0.000478
15.7846	6.8485	0.000234
15.7846	6.9495	0.000087
15.7846	7.0505	0.000006
16.8564	6.5455	0.000564
16.8564	6.6465	0.000379
16.8564	6.7475	0.000210
16.8564	6.8485	0.000081
16.8564	6.9495	0.000011
18.0009	6.5455	0.000291
18.0009	6.6465	0.000183
18.0009	6.7475	0.000070
18.0009	6.8485	0.000011
19.2231	6.5455	0.000074
19.2231	6.6465	0.000041
19.2231	6.7475	0.000015
